#################### new #####################

VR VFA RPA RCA ROA OA

ADC

SegNet
---------------------

single:  84.65780251  9.55949137 76.35539064 76.88105545 82.63760049 78.96085349
tcfp:  88.48690992 17.02997275 77.25211297 78.10760668 85.36384251 78.30981183
sp-l: 89.63100392 13.12443233 79.44238301 80.18449804 86.75530818 80.81737231
sp-at: 92.29024943 17.37057221 80.82354154 81.12244898 90.20305092 81.15759409
all: 90.58441558 16.3941871  81.4471243  81.89033189 88.31684189 81.84643817

ott: 85.1680066  11.94368756 75.75757576 76.58214801 82.37992167 78.03259409
---------------------
MDMR
---------------------
single: 79.54519027 12.79602616 66.38316377 68.35771033 74.69391103 69.55500569
tcfp: 
sp-l:
sp-at:
all:
---------------------
FTANET
---------------------
single: 83.19247681 13.31966113 76.34072086 76.55403493 81.61536994 77.44013296
tcfp: 81.3285131   7.36810814 76.294375   76.3790457  80.35616494 78.8153005
sp-l: 86.67285096 10.14986376 78.60750361 78.78787879 85.30199959 80.68716398
sp-at: 87.71387343 12.05722071 78.49412492 78.63842507 86.05442177 80.24193548
all: 
ott: [83.47763348  6.53950954 74.70624613 74.79901051 82.14801072 78.17540323]
---------------------
MCDNN
---------------------
single: 65.01656878 10.52479442 61.62902435 63.12338552 62.57576948 66.36040214
tcfp:  65.70529577  9.33594567 62.48182668 63.59891682 63.64005413 67.45805624
sp-l: 82.45207174 26.29427793 70.11956298 73.16532674 76.86559472 70.78293011
sp-at: 84.9464028  24.90917348 69.86703772 73.1962482  78.8291074  70.83333333
all:86.04411462 21.27611262 71.45949289 73.69614512 81.65326737 72.80325941
ott: 65.91939806  7.06176203 62.64172336 63.8425067  63.81673882 68.24596774
---------------------

MIREX

SegNet
---------------------
single: 83.628828    9.37120906 76.67510937 76.90536496 81.42988717 81.73782277
tcfp: 85.53994934  9.8362313  79.11006217 79.36334331 83.64609717 83.12059859
sp-l: 88.63688694 11.625556   79.84112365 80.13469952 86.04651163 82.93720657
sp-at: 88.96500115  9.89688637 80.98664518 81.11904214 86.84664978 84.29430751
all: 90.74372554 10.948241   83.28344462 83.37554686 88.79230946 85.37632042
ott: 85.12548929  9.29033562 77.96454064 78.21206539 83.11075294 82.58876174
---------------------
MDMR
---------------------
single: 81.64382    16.75476273 72.81639964 73.55736482 78.22968609 76.657161
tcfp: 
sp-l:
sp-at:
all:
---------------------
FTANET
---------------------
single: 83.92522503  5.19771144 77.7808667  77.79530868 82.484678   84.35563329
tcfp: 86.80844661  7.54945504 79.9933928  80.23175271 84.90449583 84.73819325
sp-l: 89.88602349  7.88515973 83.00138153 83.23739351 88.19364495 86.30795188]
sp-at: 90.93368639 12.52527295 83.42159797 83.57702049 88.97075754 84.89216549
all: 
76.74994244  7.25839062 70.97052729 71.17775731 74.69491135 78.8695716
ott: 85.28091181  7.25839062 79.46120193 79.60511167 83.60004605 84.27963615
---------------------
MCDNN
---------------------
single: 66.52827045  4.58556073 64.0738201  64.4105271  65.20452466 75.41525802
tcfp: 68.16557731  5.52238877 65.08835371 65.46608069 66.58000464 75.66666721
sp-l: 79.46120193 12.62636474 73.23854478 74.13078517 76.68086576 78.36707746
sp-at: 80.48583928 10.0788516  74.08473405 74.58553995 78.40202625 78.83054577
all: 79.99654617 10.82693085 73.0658531  73.34791619 77.74004145 78.90991784
ott: [68.73129173  5.24666397 65.64011052 66.06608335 67.07920792 76.20305164
---------------------

MEDLEY DB

SegNet
---------------------
single: 53.75074278 12.39622147 47.22032088 48.40951657 50.68185066 66.8598541
tcfp: 53.86131315 10.36871668 47.44070946 48.61486156 50.93683949 67.95909063
sp-l: 62.90401438 15.93164322 51.35805998 53.56796317 57.05281052 67.2659341
sp-at: 65.35386282 15.31751265 53.40097934 55.46044664 59.97051457 68.61399604
all: 62.74906542 12.23097029 53.06776385 54.80153745 58.54739107 69.94389837
ott: 55.54469074 11.93383597 47.48433586 48.64950168 52.09519583 67.22034186
---------------------
MDMR
---------------------
single: 60.20641476 14.15277165 45.90194969 48.8633204  52.44896765 64.42939392
tcfp: 
sp-l:
sp-at:
all:
---------------------
FTANET
---------------------
single: 60.38430518 10.12174394 54.42597992 55.18870182 57.70276941 71.88688255
tcfp: 67.34788006 14.20121318 59.75933119 60.84118024 63.61602214 73.14574002
sp-l: 62.64526465 12.93726017 54.61725349 56.0621902  58.67225285 70.39634335
sp-at: 64.67690132 14.06859513 55.38974178 57.18444192 60.04272379 70.24295252
all: 61.81711509 12.72990172 52.98803283 54.26147262 58.01484802 69.66029921
---------------------
MCDNN
---------------------
single: 37.35401801  5.29680875 34.21424808 35.26250205 35.30018134 62.26258146
tcfp:  38.10985373  5.77341385 34.61376283 35.7348228  35.74829056 62.24860545
sp-l: 47.53021881 12.71877905 37.089216   40.00315915 41.15474588 61.4989027
sp-at: 53.66649868 15.78625396 39.92418031 43.92502275 45.67835303 61.46335621
all: 43.38119702  6.65612661 35.91581608 37.31110894 40.18368222 63.84458457
ott: 36.43105899  6.01418936 32.70852295 33.84205736 33.83603993 62.509273 
---------------------
